Sample	fastp_mqc-generalstats-fastp-pct_duplication	fastp_mqc-generalstats-fastp-after_filtering_q30_rate	fastp_mqc-generalstats-fastp-after_filtering_q30_bases	fastp_mqc-generalstats-fastp-after_filtering_gc_content	fastp_mqc-generalstats-fastp-pct_surviving	fastp_mqc-generalstats-fastp-pct_adapter	Bowtie 2_mqc-generalstats-bowtie_2-overall_alignment_rate	Picard_mqc-generalstats-picard-PERCENT_DUPLICATION	QualiMap_mqc-generalstats-qualimap-avg_gc	QualiMap_mqc-generalstats-qualimap-median_insert_size	QualiMap_mqc-generalstats-qualimap-1_x_pc	QualiMap_mqc-generalstats-qualimap-5_x_pc	QualiMap_mqc-generalstats-qualimap-10_x_pc	QualiMap_mqc-generalstats-qualimap-30_x_pc	QualiMap_mqc-generalstats-qualimap-50_x_pc	QualiMap_mqc-generalstats-qualimap-median_coverage	QualiMap_mqc-generalstats-qualimap-percentage_aligned	QualiMap_mqc-generalstats-qualimap-mapped_reads	QualiMap_mqc-generalstats-qualimap-total_reads	QualiMap_mqc-generalstats-qualimap-general_error_rate	QualiMap_mqc-generalstats-qualimap-5_3_bias	QualiMap_mqc-generalstats-qualimap-reads_aligned	featureCounts_mqc-generalstats-featurecounts-percent_assigned	featureCounts_mqc-generalstats-featurecounts-Assigned
B_pol_1	0.893917	0.866946	6281960337.0	0.47407	97.51780302236044	0.6325725011115968	99.39	0.126112	48.07695362979504	186	68.37660683594251	63.22119963034164	60.89074732942561	55.407634525162706	51.188028559316685	55	99.39233464976287	72109922.0	72550788.0	1.5699999999999998	0.88	34585957.0	92.20414807899813	33447418
B_pol_2	0.9632919999999999	0.868503	6766472431.0	0.477408	96.55807709336037	0.7972408974508851	99.37	0.154915	48.45101393231485	177	68.08828293373705	62.9420442948383	60.482949416338165	54.58928664137848	49.91923082816256	49	99.36965644001587	77528987.0	78020786.0	1.58	1.04	37469787.0	92.6496972229939	36143011
B_pol_3	0.923801	0.864396	7103900299.0	0.474209	95.94445164125163	0.6271541515769746	99.31	0.145572	48.14110073509508	189	68.82650875112171	63.4474435591414	60.99207759473537	55.15724686933612	50.59600890159232	52	99.30547476813159	81743095.0	82314792.0	1.59	0.89	38846525.0	91.47489311520097	37648684
B_sub_1	1.12249	0.865156	6402429208.0	0.464573	95.88782574429489	0.6608742882635978	98.77	0.141332	47.209179178371066	190	70.09048170380035	63.061701776227565	59.52620526610934	51.477609482430196	45.94136461098872	34	98.77238062949066	73194763.0	74104484.0	1.55	0.86	34666170.0	90.94015957253005	33695368
B_sub_2	1.02221	0.868991	5609099668.0	0.464268	97.71439822626728	0.6849028656133922	98.89	0.13738	47.17562404305275	186	69.55792384575605	62.76875640070336	59.26034410439095	50.35819393417743	44.00998049807681	30	98.89037876493634	63917557.0	64634758.0	1.6099999999999999	1.01	30732258.0	91.86984810866005	29689927
B_sub_3	0.9684919999999999	0.870492	5834526406.0	0.46398	96.27393646925462	0.8513609797401953	98.59	0.143392	47.23430153166283	183	70.5250737489456	64.04304585042027	60.63040515891298	52.10150342179934	45.58243431545096	36	98.59154415530547	66182725.0	67128196.0	1.5599999999999998	0.84	31635633.0	90.39146530915265	30339080
B_tot_1	0.896943	0.867112	6727858260.0	0.476978	96.05821048505852	0.6871136971447436	99.25	0.12045	48.33961588485295	182	69.7898528809506	64.75745521249381	62.58958753301044	58.166083850286284	55.09274954803032	87	99.25109302483392	77108992.0	77690824.0	1.49	1.25	37390868.0	93.13698359023712	36179445
B_tot_2	0.8172429999999999	0.864121	6302770465.0	0.47369	97.39551209285298	0.500418379956637	99.26	0.110262	48.02281697302987	195	69.7236795317674	64.63268287088104	62.5488769150416	58.23787536392243	55.1291188571037	84	99.26346079009679	72498226.0	73036166.0	1.5	1.1	34655380.0	92.43530390135759	33755601
B_tot_3	0.671504	0.866483	5981191416.0	0.473448	95.89212261291343	0.6395461679386365	99.2	0.106464	48.02296106172116	188	69.64070623451131	64.59615984327453	62.50976794501478	58.077031232977845	54.83254126140139	80	99.19786957232064	68574898.0	69129406.0	1.53	1.13	32840518.0	92.15372398831259	31852661
P_pol_1	0.801472	0.8654	5237398869.0	0.486096	95.73157170719342	0.5197479152627108	99.41	0.149839	49.28702550455958	187	65.24323304984165	59.44812368927058	56.16524623304057	49.189707463218255	44.239524416676595	27	99.41412949462968	60243346.0	60598374.0	1.5	1.11	29008699.0	93.35126384744251	28284674
P_pol_2	1.0037	0.863021	6223179501.0	0.48546	96.45487606195672	0.4884006351989531	99.45	0.157924	49.21983430683324	195	65.45182166131156	59.99991371927495	57.02283201207295	50.57396268874343	46.20373487440626	32	99.45227275761604	71808523.0	72204004.0	1.46	1.17	34405039.0	93.17764981565288	33638997
P_pol_3	0.905441	0.865029	5889133232.0	0.485167	94.89847764843475	0.7386384594944129	99.34	0.147849	49.17773390057065	183	65.63533927589347	60.24661213030631	57.23375119485168	50.78719508751271	46.364688095922745	33	99.34138118753893	67726835.0	68175854.0	1.49	1.14	32684211.0	93.30038755363445	31804168
P_sub_1	0.792702	0.86506	4875126626.0	0.48132	94.44294774773665	0.5965950611106399	99.17	0.107621	48.824984772277155	185	67.42443457240884	61.96326632841647	58.791091009355064	52.01647475899537	47.07509085881007	37	99.17311889413172	55959672.0	56426250.0	1.53	1.15	27058492.0	93.03419950820762	26247855
P_sub_2	0.8364550000000001	0.865299	6590896222.0	0.48036	95.18210744858486	0.5624361816696946	99.2	0.134	48.76504130374333	188	67.93457927658967	62.67978560132384	59.756562405336034	53.75580492007405	49.53069235967816	47	99.19635873594895	75658150.0	76271096.0	1.6199999999999999	1.1	36272280.0	92.63624846822707	35327341
P_sub_3	0.859131	0.865473	5732386317.0	0.476767	96.5623145342279	0.5950509853004479	99.14	0.119071	48.485400849024984	189	68.75558996206078	63.29879277893802	60.276284765863615	53.53755683432846	48.632091004941856	44	99.13790506861348	65761902.0	66333762.0	1.51	1.06	31462387.0	92.22244925593094	30587310
P_tot_1	1.17158	0.866949	7822161665.0	0.483913	96.69974518853306	0.5102352916012121	99.4	0.145951	49.01255051096158	186	68.27457987857129	63.74100132946697	61.11202515787265	55.758618564269895	52.46552874291116	67	99.40413966616119	89788483.0	90326704.0	1.53	1.33	43671383.0	94.04589145641803	42474277
P_tot_2	0.896455	0.863848	7233626743.0	0.481819	96.80786683589906	0.592356464235536	99.34	0.126483	48.87790028218962	191	67.92120824353816	63.146780025655126	60.67644138025557	55.48364090180416	52.06487626228329	64	99.33578620175541	83307224.0	83864262.0	1.4500000000000002	1.09	39879506.0	92.56219770943672	38813302
P_tot_3	0.7221690000000001	0.86523	5478154198.0	0.486144	97.19633393248378	0.6233175523738601	99.39	0.11385	49.29985402072534	185	67.20067989211338	62.19286975096457	59.43872950343112	53.42957452346387	49.34193839764495	46	99.38773924315278	63028170.0	63416444.0	1.5	1.14	30148465.0	92.63834787078254	29373973
